
________________________CODE_DUMP__________________________

|RES SUM|   - 30
|Signature| - bacafe
00001 || 33
00002 || 200
00003 || 33
00004 || 50
00005 || 2
00006 || 33
00007 || 100
00008 || 3
00009 || 33
00010 || 100
00011 || 5
00012 || 33
00013 || 20
00014 || 4
00015 || 129
00016 || 2
00017 || 3
00018 || 65
00019 || 1
00020 || 2
00021 || 65
00022 || 0
00023 || 2
00024 || 33
00025 || 100
00026 || 2
00027 || 46
00028 || 2
00029 || 6
00030 || 0
___________________________________________________________

